9783030423308
9783030724603
9783030790790
9781526493545
9781032240084
9781108811965
9783030759995
9789811505270
9789811619069
9781462548668
9780367755577
9781799889823
9781799877202
9781799882688
9781668446546
9781668446553
9781668446560
9781799880943
9781799872276
9780367417086
9780578815404
9780807766927
9783030837068
9781844646760
9781032036236
9783030808532
9783030893477
9783030547486
9780367637682
9781498597685
9783030887650
9783030514549
9783662629864
9783030408886
9780367243531
9781529219333
9781529732412
9781685073091
9781260460308
9789811537967
9781350225770
9789811655654
9783030792923
9781647398064
9781626250994
9781683734048
9780061733529
9781641522618
9780393711004
9781593859756
9780128098370
9781504949019
9781626253094
9789811181597
9780957213036
9780393712186
9781472135902
9781626259843
9781462525935
9781684033553
9781498788847
9783030536084
9780117092969
9780323874878
9781108850483
9783030717407
9781938870521
9781260462494
9781264258710
9783030898908
9783030185350
9781119747758
9783030745202
9780323793056
9783848786343
9781516712380
9781641057820
9780323696999
9783170398948
9781630918286
9781978823037
9781119680840
9780810136229