0040574
0049534
1012272
1012273
0019313
0059239
0085329
0088815
0036197
0115938
0066356
1012548
0024755
0033603
0097943
0022216
0032056
0024724
0096492
0122027
0112665
0026093
0061483
0032674
0035929
0071420
0092382
1003196
0097194
0098107
0023773
0030752
0030753
0025527
1000995
0035267
0092557
0023772
0023774
0034426
0034436
0097202
0097203
0097204
0097205
0097206
0097207
1011770
0019752
0068291
0068292
0085344
0092306
0084946
0104431
0065438
0072919
0043492
0043493
0115088
0049548
0118662
0071487
0085364
0049479
0092969
0048554
0033528
0039656
0039576
0039529
0041221
0117075
0117076
0117077
1013057
0115075
0117078
0117079
0117080
0035314
0085357
0092626
1010329
1010330
0091088
0081001
0081002
0081003
0081004
0081005
0036312
0112990